96
32
0.0000 0.0100 0.0200 0.0300 0.0400 0.0500 0.0600 0.0700 0.0800 0.0900 0.1000 0.1100 0.1200 0.1300 0.1400 0.1500 0.1600 0.1700 0.1800 0.1900 0.2000 0.2100 0.2200 0.2300 0.2400 0.2500 0.2600 0.2700 0.2800 0.2900 0.3000 0.3100 
1.0000 1.0100 1.0200 1.0300 1.0400 1.0500 1.0600 1.0700 1.0800 1.0900 1.1000 1.1100 1.1200 1.1300 1.1400 1.1500 1.1600 1.1700 1.1800 1.1900 1.2000 1.2100 1.2200 1.2300 1.2400 1.2500 1.2600 1.2700 1.2800 1.2900 1.3000 1.3100 
2.0000 2.0100 2.0200 2.0300 2.0400 2.0500 2.0600 2.0700 2.0800 2.0900 2.1000 2.1100 2.1200 2.1300 2.1400 2.1500 2.1600 2.1700 2.1800 2.1900 2.2000 2.2100 2.2200 2.2300 2.2400 2.2500 2.2600 2.2700 2.2800 2.2900 2.3000 2.3100 
3.0000 3.0100 3.0200 3.0300 3.0400 3.0500 3.0600 3.0700 3.0800 3.0900 3.1000 3.1100 3.1200 3.1300 3.1400 3.1500 3.1600 3.1700 3.1800 3.1900 3.2000 3.2100 3.2200 3.2300 3.2400 3.2500 3.2600 3.2700 3.2800 3.2900 3.3000 3.3100 
4.0000 4.0100 4.0200 4.0300 4.0400 4.0500 4.0600 4.0700 4.0800 4.0900 4.1000 4.1100 4.1200 4.1300 4.1400 4.1500 4.1600 4.1700 4.1800 4.1900 4.2000 4.2100 4.2200 4.2300 4.2400 4.2500 4.2600 4.2700 4.2800 4.2900 4.3000 4.3100 
5.0000 5.0100 5.0200 5.0300 5.0400 5.0500 5.0600 5.0700 5.0800 5.0900 5.1000 5.1100 5.1200 5.1300 5.1400 5.1500 5.1600 5.1700 5.1800 5.1900 5.2000 5.2100 5.2200 5.2300 5.2400 5.2500 5.2600 5.2700 5.2800 5.2900 5.3000 5.3100 
6.0000 6.0100 6.0200 6.0300 6.0400 6.0500 6.0600 6.0700 6.0800 6.0900 6.1000 6.1100 6.1200 6.1300 6.1400 6.1500 6.1600 6.1700 6.1800 6.1900 6.2000 6.2100 6.2200 6.2300 6.2400 6.2500 6.2600 6.2700 6.2800 6.2900 6.3000 6.3100 
7.0000 7.0100 7.0200 7.0300 7.0400 7.0500 7.0600 7.0700 7.0800 7.0900 7.1000 7.1100 7.1200 7.1300 7.1400 7.1500 7.1600 7.1700 7.1800 7.1900 7.2000 7.2100 7.2200 7.2300 7.2400 7.2500 7.2600 7.2700 7.2800 7.2900 7.3000 7.3100 
8.0000 8.0100 8.0200 8.0300 8.0400 8.0500 8.0600 8.0700 8.0800 8.0900 8.1000 8.1100 8.1200 8.1300 8.1400 8.1500 8.1600 8.1700 8.1800 8.1900 8.2000 8.2100 8.2200 8.2300 8.2400 8.2500 8.2600 8.2700 8.2800 8.2900 8.3000 8.3100 
9.0000 9.0100 9.0200 9.0300 9.0400 9.0500 9.0600 9.0700 9.0800 9.0900 9.1000 9.1100 9.1200 9.1300 9.1400 9.1500 9.1600 9.1700 9.1800 9.1900 9.2000 9.2100 9.2200 9.2300 9.2400 9.2500 9.2600 9.2700 9.2800 9.2900 9.3000 9.3100 
10.0000 10.0100 10.0200 10.0300 10.0400 10.0500 10.0600 10.0700 10.0800 10.0900 10.1000 10.1100 10.1200 10.1300 10.1400 10.1500 10.1600 10.1700 10.1800 10.1900 10.2000 10.2100 10.2200 10.2300 10.2400 10.2500 10.2600 10.2700 10.2800 10.2900 10.3000 10.3100 
11.0000 11.0100 11.0200 11.0300 11.0400 11.0500 11.0600 11.0700 11.0800 11.0900 11.1000 11.1100 11.1200 11.1300 11.1400 11.1500 11.1600 11.1700 11.1800 11.1900 11.2000 11.2100 11.2200 11.2300 11.2400 11.2500 11.2600 11.2700 11.2800 11.2900 11.3000 11.3100 
12.0000 12.0100 12.0200 12.0300 12.0400 12.0500 12.0600 12.0700 12.0800 12.0900 12.1000 12.1100 12.1200 12.1300 12.1400 12.1500 12.1600 12.1700 12.1800 12.1900 12.2000 12.2100 12.2200 12.2300 12.2400 12.2500 12.2600 12.2700 12.2800 12.2900 12.3000 12.3100 
13.0000 13.0100 13.0200 13.0300 13.0400 13.0500 13.0600 13.0700 13.0800 13.0900 13.1000 13.1100 13.1200 13.1300 13.1400 13.1500 13.1600 13.1700 13.1800 13.1900 13.2000 13.2100 13.2200 13.2300 13.2400 13.2500 13.2600 13.2700 13.2800 13.2900 13.3000 13.3100 
14.0000 14.0100 14.0200 14.0300 14.0400 14.0500 14.0600 14.0700 14.0800 14.0900 14.1000 14.1100 14.1200 14.1300 14.1400 14.1500 14.1600 14.1700 14.1800 14.1900 14.2000 14.2100 14.2200 14.2300 14.2400 14.2500 14.2600 14.2700 14.2800 14.2900 14.3000 14.3100 
15.0000 15.0100 15.0200 15.0300 15.0400 15.0500 15.0600 15.0700 15.0800 15.0900 15.1000 15.1100 15.1200 15.1300 15.1400 15.1500 15.1600 15.1700 15.1800 15.1900 15.2000 15.2100 15.2200 15.2300 15.2400 15.2500 15.2600 15.2700 15.2800 15.2900 15.3000 15.3100 
16.0000 16.0100 16.0200 16.0300 16.0400 16.0500 16.0600 16.0700 16.0800 16.0900 16.1000 16.1100 16.1200 16.1300 16.1400 16.1500 16.1600 16.1700 16.1800 16.1900 16.2000 16.2100 16.2200 16.2300 16.2400 16.2500 16.2600 16.2700 16.2800 16.2900 16.3000 16.3100 
17.0000 17.0100 17.0200 17.0300 17.0400 17.0500 17.0600 17.0700 17.0800 17.0900 17.1000 17.1100 17.1200 17.1300 17.1400 17.1500 17.1600 17.1700 17.1800 17.1900 17.2000 17.2100 17.2200 17.2300 17.2400 17.2500 17.2600 17.2700 17.2800 17.2900 17.3000 17.3100 
18.0000 18.0100 18.0200 18.0300 18.0400 18.0500 18.0600 18.0700 18.0800 18.0900 18.1000 18.1100 18.1200 18.1300 18.1400 18.1500 18.1600 18.1700 18.1800 18.1900 18.2000 18.2100 18.2200 18.2300 18.2400 18.2500 18.2600 18.2700 18.2800 18.2900 18.3000 18.3100 
19.0000 19.0100 19.0200 19.0300 19.0400 19.0500 19.0600 19.0700 19.0800 19.0900 19.1000 19.1100 19.1200 19.1300 19.1400 19.1500 19.1600 19.1700 19.1800 19.1900 19.2000 19.2100 19.2200 19.2300 19.2400 19.2500 19.2600 19.2700 19.2800 19.2900 19.3000 19.3100 
20.0000 20.0100 20.0200 20.0300 20.0400 20.0500 20.0600 20.0700 20.0800 20.0900 20.1000 20.1100 20.1200 20.1300 20.1400 20.1500 20.1600 20.1700 20.1800 20.1900 20.2000 20.2100 20.2200 20.2300 20.2400 20.2500 20.2600 20.2700 20.2800 20.2900 20.3000 20.3100 
21.0000 21.0100 21.0200 21.0300 21.0400 21.0500 21.0600 21.0700 21.0800 21.0900 21.1000 21.1100 21.1200 21.1300 21.1400 21.1500 21.1600 21.1700 21.1800 21.1900 21.2000 21.2100 21.2200 21.2300 21.2400 21.2500 21.2600 21.2700 21.2800 21.2900 21.3000 21.3100 
22.0000 22.0100 22.0200 22.0300 22.0400 22.0500 22.0600 22.0700 22.0800 22.0900 22.1000 22.1100 22.1200 22.1300 22.1400 22.1500 22.1600 22.1700 22.1800 22.1900 22.2000 22.2100 22.2200 22.2300 22.2400 22.2500 22.2600 22.2700 22.2800 22.2900 22.3000 22.3100 
23.0000 23.0100 23.0200 23.0300 23.0400 23.0500 23.0600 23.0700 23.0800 23.0900 23.1000 23.1100 23.1200 23.1300 23.1400 23.1500 23.1600 23.1700 23.1800 23.1900 23.2000 23.2100 23.2200 23.2300 23.2400 23.2500 23.2600 23.2700 23.2800 23.2900 23.3000 23.3100 
24.0000 24.0100 24.0200 24.0300 24.0400 24.0500 24.0600 24.0700 24.0800 24.0900 24.1000 24.1100 24.1200 24.1300 24.1400 24.1500 24.1600 24.1700 24.1800 24.1900 24.2000 24.2100 24.2200 24.2300 24.2400 24.2500 24.2600 24.2700 24.2800 24.2900 24.3000 24.3100 
25.0000 25.0100 25.0200 25.0300 25.0400 25.0500 25.0600 25.0700 25.0800 25.0900 25.1000 25.1100 25.1200 25.1300 25.1400 25.1500 25.1600 25.1700 25.1800 25.1900 25.2000 25.2100 25.2200 25.2300 25.2400 25.2500 25.2600 25.2700 25.2800 25.2900 25.3000 25.3100 
26.0000 26.0100 26.0200 26.0300 26.0400 26.0500 26.0600 26.0700 26.0800 26.0900 26.1000 26.1100 26.1200 26.1300 26.1400 26.1500 26.1600 26.1700 26.1800 26.1900 26.2000 26.2100 26.2200 26.2300 26.2400 26.2500 26.2600 26.2700 26.2800 26.2900 26.3000 26.3100 
27.0000 27.0100 27.0200 27.0300 27.0400 27.0500 27.0600 27.0700 27.0800 27.0900 27.1000 27.1100 27.1200 27.1300 27.1400 27.1500 27.1600 27.1700 27.1800 27.1900 27.2000 27.2100 27.2200 27.2300 27.2400 27.2500 27.2600 27.2700 27.2800 27.2900 27.3000 27.3100 
28.0000 28.0100 28.0200 28.0300 28.0400 28.0500 28.0600 28.0700 28.0800 28.0900 28.1000 28.1100 28.1200 28.1300 28.1400 28.1500 28.1600 28.1700 28.1800 28.1900 28.2000 28.2100 28.2200 28.2300 28.2400 28.2500 28.2600 28.2700 28.2800 28.2900 28.3000 28.3100 
29.0000 29.0100 29.0200 29.0300 29.0400 29.0500 29.0600 29.0700 29.0800 29.0900 29.1000 29.1100 29.1200 29.1300 29.1400 29.1500 29.1600 29.1700 29.1800 29.1900 29.2000 29.2100 29.2200 29.2300 29.2400 29.2500 29.2600 29.2700 29.2800 29.2900 29.3000 29.3100 
30.0000 30.0100 30.0200 30.0300 30.0400 30.0500 30.0600 30.0700 30.0800 30.0900 30.1000 30.1100 30.1200 30.1300 30.1400 30.1500 30.1600 30.1700 30.1800 30.1900 30.2000 30.2100 30.2200 30.2300 30.2400 30.2500 30.2600 30.2700 30.2800 30.2900 30.3000 30.3100 
31.0000 31.0100 31.0200 31.0300 31.0400 31.0500 31.0600 31.0700 31.0800 31.0900 31.1000 31.1100 31.1200 31.1300 31.1400 31.1500 31.1600 31.1700 31.1800 31.1900 31.2000 31.2100 31.2200 31.2300 31.2400 31.2500 31.2600 31.2700 31.2800 31.2900 31.3000 31.3100 
32.0000 32.0100 32.0200 32.0300 32.0400 32.0500 32.0600 32.0700 32.0800 32.0900 32.1000 32.1100 32.1200 32.1300 32.1400 32.1500 32.1600 32.1700 32.1800 32.1900 32.2000 32.2100 32.2200 32.2300 32.2400 32.2500 32.2600 32.2700 32.2800 32.2900 32.3000 32.3100 
33.0000 33.0100 33.0200 33.0300 33.0400 33.0500 33.0600 33.0700 33.0800 33.0900 33.1000 33.1100 33.1200 33.1300 33.1400 33.1500 33.1600 33.1700 33.1800 33.1900 33.2000 33.2100 33.2200 33.2300 33.2400 33.2500 33.2600 33.2700 33.2800 33.2900 33.3000 33.3100 
34.0000 34.0100 34.0200 34.0300 34.0400 34.0500 34.0600 34.0700 34.0800 34.0900 34.1000 34.1100 34.1200 34.1300 34.1400 34.1500 34.1600 34.1700 34.1800 34.1900 34.2000 34.2100 34.2200 34.2300 34.2400 34.2500 34.2600 34.2700 34.2800 34.2900 34.3000 34.3100 
35.0000 35.0100 35.0200 35.0300 35.0400 35.0500 35.0600 35.0700 35.0800 35.0900 35.1000 35.1100 35.1200 35.1300 35.1400 35.1500 35.1600 35.1700 35.1800 35.1900 35.2000 35.2100 35.2200 35.2300 35.2400 35.2500 35.2600 35.2700 35.2800 35.2900 35.3000 35.3100 
36.0000 36.0100 36.0200 36.0300 36.0400 36.0500 36.0600 36.0700 36.0800 36.0900 36.1000 36.1100 36.1200 36.1300 36.1400 36.1500 36.1600 36.1700 36.1800 36.1900 36.2000 36.2100 36.2200 36.2300 36.2400 36.2500 36.2600 36.2700 36.2800 36.2900 36.3000 36.3100 
37.0000 37.0100 37.0200 37.0300 37.0400 37.0500 37.0600 37.0700 37.0800 37.0900 37.1000 37.1100 37.1200 37.1300 37.1400 37.1500 37.1600 37.1700 37.1800 37.1900 37.2000 37.2100 37.2200 37.2300 37.2400 37.2500 37.2600 37.2700 37.2800 37.2900 37.3000 37.3100 
38.0000 38.0100 38.0200 38.0300 38.0400 38.0500 38.0600 38.0700 38.0800 38.0900 38.1000 38.1100 38.1200 38.1300 38.1400 38.1500 38.1600 38.1700 38.1800 38.1900 38.2000 38.2100 38.2200 38.2300 38.2400 38.2500 38.2600 38.2700 38.2800 38.2900 38.3000 38.3100 
39.0000 39.0100 39.0200 39.0300 39.0400 39.0500 39.0600 39.0700 39.0800 39.0900 39.1000 39.1100 39.1200 39.1300 39.1400 39.1500 39.1600 39.1700 39.1800 39.1900 39.2000 39.2100 39.2200 39.2300 39.2400 39.2500 39.2600 39.2700 39.2800 39.2900 39.3000 39.3100 
40.0000 40.0100 40.0200 40.0300 40.0400 40.0500 40.0600 40.0700 40.0800 40.0900 40.1000 40.1100 40.1200 40.1300 40.1400 40.1500 40.1600 40.1700 40.1800 40.1900 40.2000 40.2100 40.2200 40.2300 40.2400 40.2500 40.2600 40.2700 40.2800 40.2900 40.3000 40.3100 
41.0000 41.0100 41.0200 41.0300 41.0400 41.0500 41.0600 41.0700 41.0800 41.0900 41.1000 41.1100 41.1200 41.1300 41.1400 41.1500 41.1600 41.1700 41.1800 41.1900 41.2000 41.2100 41.2200 41.2300 41.2400 41.2500 41.2600 41.2700 41.2800 41.2900 41.3000 41.3100 
42.0000 42.0100 42.0200 42.0300 42.0400 42.0500 42.0600 42.0700 42.0800 42.0900 42.1000 42.1100 42.1200 42.1300 42.1400 42.1500 42.1600 42.1700 42.1800 42.1900 42.2000 42.2100 42.2200 42.2300 42.2400 42.2500 42.2600 42.2700 42.2800 42.2900 42.3000 42.3100 
43.0000 43.0100 43.0200 43.0300 43.0400 43.0500 43.0600 43.0700 43.0800 43.0900 43.1000 43.1100 43.1200 43.1300 43.1400 43.1500 43.1600 43.1700 43.1800 43.1900 43.2000 43.2100 43.2200 43.2300 43.2400 43.2500 43.2600 43.2700 43.2800 43.2900 43.3000 43.3100 
44.0000 44.0100 44.0200 44.0300 44.0400 44.0500 44.0600 44.0700 44.0800 44.0900 44.1000 44.1100 44.1200 44.1300 44.1400 44.1500 44.1600 44.1700 44.1800 44.1900 44.2000 44.2100 44.2200 44.2300 44.2400 44.2500 44.2600 44.2700 44.2800 44.2900 44.3000 44.3100 
45.0000 45.0100 45.0200 45.0300 45.0400 45.0500 45.0600 45.0700 45.0800 45.0900 45.1000 45.1100 45.1200 45.1300 45.1400 45.1500 45.1600 45.1700 45.1800 45.1900 45.2000 45.2100 45.2200 45.2300 45.2400 45.2500 45.2600 45.2700 45.2800 45.2900 45.3000 45.3100 
46.0000 46.0100 46.0200 46.0300 46.0400 46.0500 46.0600 46.0700 46.0800 46.0900 46.1000 46.1100 46.1200 46.1300 46.1400 46.1500 46.1600 46.1700 46.1800 46.1900 46.2000 46.2100 46.2200 46.2300 46.2400 46.2500 46.2600 46.2700 46.2800 46.2900 46.3000 46.3100 
47.0000 47.0100 47.0200 47.0300 47.0400 47.0500 47.0600 47.0700 47.0800 47.0900 47.1000 47.1100 47.1200 47.1300 47.1400 47.1500 47.1600 47.1700 47.1800 47.1900 47.2000 47.2100 47.2200 47.2300 47.2400 47.2500 47.2600 47.2700 47.2800 47.2900 47.3000 47.3100 
48.0000 48.0100 48.0200 48.0300 48.0400 48.0500 48.0600 48.0700 48.0800 48.0900 48.1000 48.1100 48.1200 48.1300 48.1400 48.1500 48.1600 48.1700 48.1800 48.1900 48.2000 48.2100 48.2200 48.2300 48.2400 48.2500 48.2600 48.2700 48.2800 48.2900 48.3000 48.3100 
49.0000 49.0100 49.0200 49.0300 49.0400 49.0500 49.0600 49.0700 49.0800 49.0900 49.1000 49.1100 49.1200 49.1300 49.1400 49.1500 49.1600 49.1700 49.1800 49.1900 49.2000 49.2100 49.2200 49.2300 49.2400 49.2500 49.2600 49.2700 49.2800 49.2900 49.3000 49.3100 
50.0000 50.0100 50.0200 50.0300 50.0400 50.0500 50.0600 50.0700 50.0800 50.0900 50.1000 50.1100 50.1200 50.1300 50.1400 50.1500 50.1600 50.1700 50.1800 50.1900 50.2000 50.2100 50.2200 50.2300 50.2400 50.2500 50.2600 50.2700 50.2800 50.2900 50.3000 50.3100 
51.0000 51.0100 51.0200 51.0300 51.0400 51.0500 51.0600 51.0700 51.0800 51.0900 51.1000 51.1100 51.1200 51.1300 51.1400 51.1500 51.1600 51.1700 51.1800 51.1900 51.2000 51.2100 51.2200 51.2300 51.2400 51.2500 51.2600 51.2700 51.2800 51.2900 51.3000 51.3100 
52.0000 52.0100 52.0200 52.0300 52.0400 52.0500 52.0600 52.0700 52.0800 52.0900 52.1000 52.1100 52.1200 52.1300 52.1400 52.1500 52.1600 52.1700 52.1800 52.1900 52.2000 52.2100 52.2200 52.2300 52.2400 52.2500 52.2600 52.2700 52.2800 52.2900 52.3000 52.3100 
53.0000 53.0100 53.0200 53.0300 53.0400 53.0500 53.0600 53.0700 53.0800 53.0900 53.1000 53.1100 53.1200 53.1300 53.1400 53.1500 53.1600 53.1700 53.1800 53.1900 53.2000 53.2100 53.2200 53.2300 53.2400 53.2500 53.2600 53.2700 53.2800 53.2900 53.3000 53.3100 
54.0000 54.0100 54.0200 54.0300 54.0400 54.0500 54.0600 54.0700 54.0800 54.0900 54.1000 54.1100 54.1200 54.1300 54.1400 54.1500 54.1600 54.1700 54.1800 54.1900 54.2000 54.2100 54.2200 54.2300 54.2400 54.2500 54.2600 54.2700 54.2800 54.2900 54.3000 54.3100 
55.0000 55.0100 55.0200 55.0300 55.0400 55.0500 55.0600 55.0700 55.0800 55.0900 55.1000 55.1100 55.1200 55.1300 55.1400 55.1500 55.1600 55.1700 55.1800 55.1900 55.2000 55.2100 55.2200 55.2300 55.2400 55.2500 55.2600 55.2700 55.2800 55.2900 55.3000 55.3100 
56.0000 56.0100 56.0200 56.0300 56.0400 56.0500 56.0600 56.0700 56.0800 56.0900 56.1000 56.1100 56.1200 56.1300 56.1400 56.1500 56.1600 56.1700 56.1800 56.1900 56.2000 56.2100 56.2200 56.2300 56.2400 56.2500 56.2600 56.2700 56.2800 56.2900 56.3000 56.3100 
57.0000 57.0100 57.0200 57.0300 57.0400 57.0500 57.0600 57.0700 57.0800 57.0900 57.1000 57.1100 57.1200 57.1300 57.1400 57.1500 57.1600 57.1700 57.1800 57.1900 57.2000 57.2100 57.2200 57.2300 57.2400 57.2500 57.2600 57.2700 57.2800 57.2900 57.3000 57.3100 
58.0000 58.0100 58.0200 58.0300 58.0400 58.0500 58.0600 58.0700 58.0800 58.0900 58.1000 58.1100 58.1200 58.1300 58.1400 58.1500 58.1600 58.1700 58.1800 58.1900 58.2000 58.2100 58.2200 58.2300 58.2400 58.2500 58.2600 58.2700 58.2800 58.2900 58.3000 58.3100 
59.0000 59.0100 59.0200 59.0300 59.0400 59.0500 59.0600 59.0700 59.0800 59.0900 59.1000 59.1100 59.1200 59.1300 59.1400 59.1500 59.1600 59.1700 59.1800 59.1900 59.2000 59.2100 59.2200 59.2300 59.2400 59.2500 59.2600 59.2700 59.2800 59.2900 59.3000 59.3100 
60.0000 60.0100 60.0200 60.0300 60.0400 60.0500 60.0600 60.0700 60.0800 60.0900 60.1000 60.1100 60.1200 60.1300 60.1400 60.1500 60.1600 60.1700 60.1800 60.1900 60.2000 60.2100 60.2200 60.2300 60.2400 60.2500 60.2600 60.2700 60.2800 60.2900 60.3000 60.3100 
61.0000 61.0100 61.0200 61.0300 61.0400 61.0500 61.0600 61.0700 61.0800 61.0900 61.1000 61.1100 61.1200 61.1300 61.1400 61.1500 61.1600 61.1700 61.1800 61.1900 61.2000 61.2100 61.2200 61.2300 61.2400 61.2500 61.2600 61.2700 61.2800 61.2900 61.3000 61.3100 
62.0000 62.0100 62.0200 62.0300 62.0400 62.0500 62.0600 62.0700 62.0800 62.0900 62.1000 62.1100 62.1200 62.1300 62.1400 62.1500 62.1600 62.1700 62.1800 62.1900 62.2000 62.2100 62.2200 62.2300 62.2400 62.2500 62.2600 62.2700 62.2800 62.2900 62.3000 62.3100 
63.0000 63.0100 63.0200 63.0300 63.0400 63.0500 63.0600 63.0700 63.0800 63.0900 63.1000 63.1100 63.1200 63.1300 63.1400 63.1500 63.1600 63.1700 63.1800 63.1900 63.2000 63.2100 63.2200 63.2300 63.2400 63.2500 63.2600 63.2700 63.2800 63.2900 63.3000 63.3100 
64.0000 64.0100 64.0200 64.0300 64.0400 64.0500 64.0600 64.0700 64.0800 64.0900 64.1000 64.1100 64.1200 64.1300 64.1400 64.1500 64.1600 64.1700 64.1800 64.1900 64.2000 64.2100 64.2200 64.2300 64.2400 64.2500 64.2600 64.2700 64.2800 64.2900 64.3000 64.3100 
65.0000 65.0100 65.0200 65.0300 65.0400 65.0500 65.0600 65.0700 65.0800 65.0900 65.1000 65.1100 65.1200 65.1300 65.1400 65.1500 65.1600 65.1700 65.1800 65.1900 65.2000 65.2100 65.2200 65.2300 65.2400 65.2500 65.2600 65.2700 65.2800 65.2900 65.3000 65.3100 
66.0000 66.0100 66.0200 66.0300 66.0400 66.0500 66.0600 66.0700 66.0800 66.0900 66.1000 66.1100 66.1200 66.1300 66.1400 66.1500 66.1600 66.1700 66.1800 66.1900 66.2000 66.2100 66.2200 66.2300 66.2400 66.2500 66.2600 66.2700 66.2800 66.2900 66.3000 66.3100 
67.0000 67.0100 67.0200 67.0300 67.0400 67.0500 67.0600 67.0700 67.0800 67.0900 67.1000 67.1100 67.1200 67.1300 67.1400 67.1500 67.1600 67.1700 67.1800 67.1900 67.2000 67.2100 67.2200 67.2300 67.2400 67.2500 67.2600 67.2700 67.2800 67.2900 67.3000 67.3100 
68.0000 68.0100 68.0200 68.0300 68.0400 68.0500 68.0600 68.0700 68.0800 68.0900 68.1000 68.1100 68.1200 68.1300 68.1400 68.1500 68.1600 68.1700 68.1800 68.1900 68.2000 68.2100 68.2200 68.2300 68.2400 68.2500 68.2600 68.2700 68.2800 68.2900 68.3000 68.3100 
69.0000 69.0100 69.0200 69.0300 69.0400 69.0500 69.0600 69.0700 69.0800 69.0900 69.1000 69.1100 69.1200 69.1300 69.1400 69.1500 69.1600 69.1700 69.1800 69.1900 69.2000 69.2100 69.2200 69.2300 69.2400 69.2500 69.2600 69.2700 69.2800 69.2900 69.3000 69.3100 
70.0000 70.0100 70.0200 70.0300 70.0400 70.0500 70.0600 70.0700 70.0800 70.0900 70.1000 70.1100 70.1200 70.1300 70.1400 70.1500 70.1600 70.1700 70.1800 70.1900 70.2000 70.2100 70.2200 70.2300 70.2400 70.2500 70.2600 70.2700 70.2800 70.2900 70.3000 70.3100 
71.0000 71.0100 71.0200 71.0300 71.0400 71.0500 71.0600 71.0700 71.0800 71.0900 71.1000 71.1100 71.1200 71.1300 71.1400 71.1500 71.1600 71.1700 71.1800 71.1900 71.2000 71.2100 71.2200 71.2300 71.2400 71.2500 71.2600 71.2700 71.2800 71.2900 71.3000 71.3100 
72.0000 72.0100 72.0200 72.0300 72.0400 72.0500 72.0600 72.0700 72.0800 72.0900 72.1000 72.1100 72.1200 72.1300 72.1400 72.1500 72.1600 72.1700 72.1800 72.1900 72.2000 72.2100 72.2200 72.2300 72.2400 72.2500 72.2600 72.2700 72.2800 72.2900 72.3000 72.3100 
73.0000 73.0100 73.0200 73.0300 73.0400 73.0500 73.0600 73.0700 73.0800 73.0900 73.1000 73.1100 73.1200 73.1300 73.1400 73.1500 73.1600 73.1700 73.1800 73.1900 73.2000 73.2100 73.2200 73.2300 73.2400 73.2500 73.2600 73.2700 73.2800 73.2900 73.3000 73.3100 
74.0000 74.0100 74.0200 74.0300 74.0400 74.0500 74.0600 74.0700 74.0800 74.0900 74.1000 74.1100 74.1200 74.1300 74.1400 74.1500 74.1600 74.1700 74.1800 74.1900 74.2000 74.2100 74.2200 74.2300 74.2400 74.2500 74.2600 74.2700 74.2800 74.2900 74.3000 74.3100 
75.0000 75.0100 75.0200 75.0300 75.0400 75.0500 75.0600 75.0700 75.0800 75.0900 75.1000 75.1100 75.1200 75.1300 75.1400 75.1500 75.1600 75.1700 75.1800 75.1900 75.2000 75.2100 75.2200 75.2300 75.2400 75.2500 75.2600 75.2700 75.2800 75.2900 75.3000 75.3100 
76.0000 76.0100 76.0200 76.0300 76.0400 76.0500 76.0600 76.0700 76.0800 76.0900 76.1000 76.1100 76.1200 76.1300 76.1400 76.1500 76.1600 76.1700 76.1800 76.1900 76.2000 76.2100 76.2200 76.2300 76.2400 76.2500 76.2600 76.2700 76.2800 76.2900 76.3000 76.3100 
77.0000 77.0100 77.0200 77.0300 77.0400 77.0500 77.0600 77.0700 77.0800 77.0900 77.1000 77.1100 77.1200 77.1300 77.1400 77.1500 77.1600 77.1700 77.1800 77.1900 77.2000 77.2100 77.2200 77.2300 77.2400 77.2500 77.2600 77.2700 77.2800 77.2900 77.3000 77.3100 
78.0000 78.0100 78.0200 78.0300 78.0400 78.0500 78.0600 78.0700 78.0800 78.0900 78.1000 78.1100 78.1200 78.1300 78.1400 78.1500 78.1600 78.1700 78.1800 78.1900 78.2000 78.2100 78.2200 78.2300 78.2400 78.2500 78.2600 78.2700 78.2800 78.2900 78.3000 78.3100 
79.0000 79.0100 79.0200 79.0300 79.0400 79.0500 79.0600 79.0700 79.0800 79.0900 79.1000 79.1100 79.1200 79.1300 79.1400 79.1500 79.1600 79.1700 79.1800 79.1900 79.2000 79.2100 79.2200 79.2300 79.2400 79.2500 79.2600 79.2700 79.2800 79.2900 79.3000 79.3100 
80.0000 80.0100 80.0200 80.0300 80.0400 80.0500 80.0600 80.0700 80.0800 80.0900 80.1000 80.1100 80.1200 80.1300 80.1400 80.1500 80.1600 80.1700 80.1800 80.1900 80.2000 80.2100 80.2200 80.2300 80.2400 80.2500 80.2600 80.2700 80.2800 80.2900 80.3000 80.3100 
81.0000 81.0100 81.0200 81.0300 81.0400 81.0500 81.0600 81.0700 81.0800 81.0900 81.1000 81.1100 81.1200 81.1300 81.1400 81.1500 81.1600 81.1700 81.1800 81.1900 81.2000 81.2100 81.2200 81.2300 81.2400 81.2500 81.2600 81.2700 81.2800 81.2900 81.3000 81.3100 
82.0000 82.0100 82.0200 82.0300 82.0400 82.0500 82.0600 82.0700 82.0800 82.0900 82.1000 82.1100 82.1200 82.1300 82.1400 82.1500 82.1600 82.1700 82.1800 82.1900 82.2000 82.2100 82.2200 82.2300 82.2400 82.2500 82.2600 82.2700 82.2800 82.2900 82.3000 82.3100 
83.0000 83.0100 83.0200 83.0300 83.0400 83.0500 83.0600 83.0700 83.0800 83.0900 83.1000 83.1100 83.1200 83.1300 83.1400 83.1500 83.1600 83.1700 83.1800 83.1900 83.2000 83.2100 83.2200 83.2300 83.2400 83.2500 83.2600 83.2700 83.2800 83.2900 83.3000 83.3100 
84.0000 84.0100 84.0200 84.0300 84.0400 84.0500 84.0600 84.0700 84.0800 84.0900 84.1000 84.1100 84.1200 84.1300 84.1400 84.1500 84.1600 84.1700 84.1800 84.1900 84.2000 84.2100 84.2200 84.2300 84.2400 84.2500 84.2600 84.2700 84.2800 84.2900 84.3000 84.3100 
85.0000 85.0100 85.0200 85.0300 85.0400 85.0500 85.0600 85.0700 85.0800 85.0900 85.1000 85.1100 85.1200 85.1300 85.1400 85.1500 85.1600 85.1700 85.1800 85.1900 85.2000 85.2100 85.2200 85.2300 85.2400 85.2500 85.2600 85.2700 85.2800 85.2900 85.3000 85.3100 
86.0000 86.0100 86.0200 86.0300 86.0400 86.0500 86.0600 86.0700 86.0800 86.0900 86.1000 86.1100 86.1200 86.1300 86.1400 86.1500 86.1600 86.1700 86.1800 86.1900 86.2000 86.2100 86.2200 86.2300 86.2400 86.2500 86.2600 86.2700 86.2800 86.2900 86.3000 86.3100 
87.0000 87.0100 87.0200 87.0300 87.0400 87.0500 87.0600 87.0700 87.0800 87.0900 87.1000 87.1100 87.1200 87.1300 87.1400 87.1500 87.1600 87.1700 87.1800 87.1900 87.2000 87.2100 87.2200 87.2300 87.2400 87.2500 87.2600 87.2700 87.2800 87.2900 87.3000 87.3100 
88.0000 88.0100 88.0200 88.0300 88.0400 88.0500 88.0600 88.0700 88.0800 88.0900 88.1000 88.1100 88.1200 88.1300 88.1400 88.1500 88.1600 88.1700 88.1800 88.1900 88.2000 88.2100 88.2200 88.2300 88.2400 88.2500 88.2600 88.2700 88.2800 88.2900 88.3000 88.3100 
89.0000 89.0100 89.0200 89.0300 89.0400 89.0500 89.0600 89.0700 89.0800 89.0900 89.1000 89.1100 89.1200 89.1300 89.1400 89.1500 89.1600 89.1700 89.1800 89.1900 89.2000 89.2100 89.2200 89.2300 89.2400 89.2500 89.2600 89.2700 89.2800 89.2900 89.3000 89.3100 
90.0000 90.0100 90.0200 90.0300 90.0400 90.0500 90.0600 90.0700 90.0800 90.0900 90.1000 90.1100 90.1200 90.1300 90.1400 90.1500 90.1600 90.1700 90.1800 90.1900 90.2000 90.2100 90.2200 90.2300 90.2400 90.2500 90.2600 90.2700 90.2800 90.2900 90.3000 90.3100 
91.0000 91.0100 91.0200 91.0300 91.0400 91.0500 91.0600 91.0700 91.0800 91.0900 91.1000 91.1100 91.1200 91.1300 91.1400 91.1500 91.1600 91.1700 91.1800 91.1900 91.2000 91.2100 91.2200 91.2300 91.2400 91.2500 91.2600 91.2700 91.2800 91.2900 91.3000 91.3100 
92.0000 92.0100 92.0200 92.0300 92.0400 92.0500 92.0600 92.0700 92.0800 92.0900 92.1000 92.1100 92.1200 92.1300 92.1400 92.1500 92.1600 92.1700 92.1800 92.1900 92.2000 92.2100 92.2200 92.2300 92.2400 92.2500 92.2600 92.2700 92.2800 92.2900 92.3000 92.3100 
93.0000 93.0100 93.0200 93.0300 93.0400 93.0500 93.0600 93.0700 93.0800 93.0900 93.1000 93.1100 93.1200 93.1300 93.1400 93.1500 93.1600 93.1700 93.1800 93.1900 93.2000 93.2100 93.2200 93.2300 93.2400 93.2500 93.2600 93.2700 93.2800 93.2900 93.3000 93.3100 
94.0000 94.0100 94.0200 94.0300 94.0400 94.0500 94.0600 94.0700 94.0800 94.0900 94.1000 94.1100 94.1200 94.1300 94.1400 94.1500 94.1600 94.1700 94.1800 94.1900 94.2000 94.2100 94.2200 94.2300 94.2400 94.2500 94.2600 94.2700 94.2800 94.2900 94.3000 94.3100 
95.0000 95.0100 95.0200 95.0300 95.0400 95.0500 95.0600 95.0700 95.0800 95.0900 95.1000 95.1100 95.1200 95.1300 95.1400 95.1500 95.1600 95.1700 95.1800 95.1900 95.2000 95.2100 95.2200 95.2300 95.2400 95.2500 95.2600 95.2700 95.2800 95.2900 95.3000 95.3100 

****************the end****************************
